1.0 3.7146383359807
2.0 3.6841473083032383
3.0 4.692687438748447
4.0 3.7500000000000004
5.0 3.0658526916967612
6.0 3.236589233212954
7.0 3.6707365415161926
8.0 3.6841473083032388
9.0 3.2500000000000004
10.0 3.2060982055354925
11.0 3.841473083032386
12.0 2.3780358892901523
13.0 2.3512143557160607
14.0 3.302441924909716
15.0 3.2231784664259093
16.0 4.32439282214197
17.0 4.473178466425908
18.0 3.1890179446450757
19.0 3.57439282214197
20.0 3.1707365415161926
21.0 2.2548706363418374
22.0 2.3073125612515533
23.0 2.197558075090284
24.0 3.618294616606477
25.0 4.3329329525871785
26.0 3.175607177858031
27.0 3.0219508972322533
28.0 2.8512143557160607
29.0 4.354883849819432
30.0 4.447558075090284
31.0 5.293901794464508
32.0 5.293901794464507
33.0 6.008540130445208
34.0 5.495129363658163
35.0 3.4914598695547916
36.0 3.5134107667870453
37.0 5.582932952587178
38.0 5.530491027677462
39.0 5.170736541516193
40.0 4.881705383393523
41.0 4.964638335980701
42.0 5.7975712885678785
43.0 6.75
44.0 9.017080260890417
45.0 9.096343719374223
46.0 8.067053833935228
47.0 11.340271940793919
48.0 8.202428711432121
49.0 8.631705383393523
50.0 10.21096884187733
51.0 15.02682153357409
52.0 22.254870636341835
53.0 25.665865905174357
54.0 17.403656280625775
55.0 11.369495758844943
56.0 8.767080260890417
57.0 5.128035889290151
58.0 4.618294616606477
59.0 3.21096884187733
60.0 4.280491027677462
61.0 4.837803588929015
62.0 5.003669494103371
63.0 3.6890179446450757
64.0 3.8463437193742234
65.0 2.9036562806257766
66.0 3.5085401304452084
67.0 3.1926874387484467
68.0 2.1756071778580304
69.0 2.7146383359807
70.0 2.859754486161269
71.0 4.201227569193655
72.0 3.456098205535493
73.0 2.9036562806257766
74.0 4.179276671961401
75.0 3.1975580750902846
76.0 3.2939017944645075
77.0 3.197558075090284
78.0 3.920736541516193
79.0 4.280491027677462
80.0 3.5085401304452084
81.0 3.0439017944645075
82.0 2.947558075090284
83.0 4.109754486161269
84.0 3.8817053833935233
85.0 2.6536562806257766
86.0 2.0219508972322537
87.0 1.7109688418773297
88.0 2.8243928221419696
89.0 2.381705383393523
90.0 2.0658526916967617
91.0 2.057312561251553
