1.0 2.0292678629763383
2.0 3.326839151544217
3.0 2.058535725952677
4.0 1.1869940184516414
5.0 1.9886131594063892
6.0 2.8016191409547475
7.0 2.7951249591656313
8.0 2.7951249591656313
9.0 2.9414642740473234
10.0 1.9008095704773738
11.0 2.678053507260278
12.0 2.8829285480946467
13.0 2.4617916258322974
14.0 1.9414642740473231
15.0 1.684547689049394
16.0 2.5495952147613132
17.0 1.7430834150020706
18.0 3.326839151544217
19.0 2.1170714519053533
20.0 1.7544702555956817
21.0 1.9707321370236617
22.0 1.5089405111913639
23.0 2.900809570477374
24.0 4.0113868405936115
25.0 2.8016191409547475
26.0 3.8829285480946467
27.0 4.321946492739722
28.0 5.333333333333333
29.0 5.21626188142798
30.0 3.959345296430051
31.0 3.2634107667870453
32.0 2.813005981548359
33.0 3.1577261554753027
34.0 3.134952474288081
35.0 4.695934529643005
36.0 4.626011963096717
37.0 4.362601196309671
38.0 3.655279826073056
39.0 5.817898640352854
40.0 6.6146251225031065
41.0 10.829285480946465
42.0 9.217863404412602
43.0 11.169112996068913
44.0 11.128458292498964
45.0 11.695934529643004
46.0 13.274797607380656
47.0 13.56747623714404
48.0 11.725202392619343
49.0 10.245529744404317
50.0 11.398363241075126
51.0 13.66017248487755
52.0 11.222756063217096
53.0 10.274797607380656
54.0 9.380482218692398
55.0 8.344720173926945
56.0 7.819500163337476
57.0 9.83577966273558
58.0 7.930077433453711
59.0 6.813005981548359
60.0 6.684547689049393
61.0 8.590249918331262
62.0 7.017881022382728
63.0 7.484565307019519
64.0 5.315452310950606
65.0 4.139845133092575
66.0 3.900809570477374
67.0 4.326839151544217
68.0 3.450404785238687
69.0 2.7951249591656313
70.0 2.7138155520257325
71.0 4.630904621901212
72.0 3.637398803690328
73.0 3.590249918331262
74.0 2.8829285480946463
75.0 2.3040654703569947
76.0 2.304065470356995
77.0 2.853660685118308
78.0 2.380482218692399
79.0 1.684547689049394
80.0 3.1983808590452525
81.0 2.813005981548359
82.0 2.0650299077417933
83.0 3.2455297444043185
84.0 3.1056846113117427
85.0 2.0699225665462877
86.0 2.1642203372644198
87.0 1.4975536705977526
88.0 1.9008095704773738
89.0 2.678053507260278
90.0 2.2162618814279798
91.0 1.439017944645076
