1.0 3.1577261554753036
2.0 2.3219464927397224
3.0 2.403255899879621
4.0 2.3447201739269445
5.0 1.6487856442839393
6.0 2.047148885359066
7.0 4.239035562615203
8.0 2.5967441001203793
9.0 2.439017944645076
10.0 2.234142903810707
11.0 1.5902499183312624
12.0 0.9300774334537122
13.0 1.754470255595682
14.0 2.344720173926944
15.0 3.344720173926944
16.0 1.9479584558364396
17.0 2.2048750408343687
18.0 1.6146251225031063
19.0 1.9707321370236615
20.0 2.3333333333333335
21.0 2.1934882002407576
22.0 3.43252376285596
23.0 4.186994018451641
24.0 3.9300774334537123
25.0 4.443910603449571
26.0 2.375589559887904
27.0 4.029267862976339
28.0 2.632506144885834
29.0 3.0585357259526766
30.0 4.549595214761314
31.0 5.315452310950606
32.0 2.9593452964300506
33.0 2.029267862976338
34.0 2.4796726482150255
35.0 3.450404785238687
36.0 3.626011963096717
37.0 6.6195177813076
38.0 6.743083415002071
39.0 8.689440347853889
40.0 8.952851114640934
41.0 9.09429777071813
42.0 11.43252376285596
43.0 9.900809570477374
44.0 9.65038716726856
45.0 11.065029907741794
46.0 12.157726155475302
47.0 12.326839151544215
48.0 12.60813094071399
49.0 15.01788102238273
50.0 17.466684284636795
51.0 16.678053507260277
52.0 13.461791625832298
53.0 12.678053507260278
54.0 12.78373811857202
55.0 12.560982055354925
56.0 9.977226318812777
57.0 13.252023926193436
58.0 16.655279826073055
59.0 20.595142577135757
60.0 15.508940511191362
61.0 11.718708210830227
62.0 6.508940511191365
63.0 4.152833496670809
64.0 4.421136922262349
65.0 5.297571288567878
66.0 1.819500163337475
67.0 2.520327351784975
68.0 2.538208374167702
69.0 3.777243936782904
70.0 2.362601196309672
71.0 1.4975536705977526
72.0 2.362601196309672
73.0 4.121964110709849
74.0 3.234142903810707
75.0 3.21626188142798
76.0 2.6845476890493942
77.0 2.6195177813076005
78.0 1.4796726482150253
79.0 1.204875040834369
80.0 1.450404785238687
81.0 1.8829285480946465
82.0 2.2861844479742675
83.0 1.6552798260730557
84.0 2.0585357259526766
85.0 2.274797607380657
86.0 3.0
87.0 3.2683034255915397
88.0 1.684547689049394
89.0 2.905702229281868
90.0 2.0878035889290154
91.0 2.765857096189293
