1.0 2.526821533574091
2.0 2.637398803690328
3.0 2.9707321370236617
4.0 2.6666666666666665
5.0 2.3333333333333335
6.0 2.2048750408343687
7.0 2.3739880369032824
8.0 1.8130059815483586
9.0 2.5495952147613132
10.0 1.9414642740473231
11.0 1.9593452964300504
12.0 2.5788630777376516
13.0 3.3333333333333335
14.0 4.344720173926944
15.0 4.146339314881692
16.0 3.549595214761313
17.0 2.3983632410751268
18.0 5.284582924989646
19.0 2.7902323003611365
20.0 4.117071451905354
21.0 4.531714192378586
22.0 4.304065470356995
23.0 4.05204154416356
24.0 3.1170714519053537
25.0 2.4211369222623484
26.0 2.1756071778580304
27.0 3.146339314881692
28.0 3.0178810223827277
29.0 5.403255899879621
30.0 5.9886131594063885
31.0 7.396761718090505
32.0 6.445512126434192
33.0 9.730095051423838
34.0 10.497553670597753
35.0 10.193488200240758
36.0 12.777243936782904
37.0 14.047148885359066
38.0 17.583755736542148
39.0 17.28778597095889
40.0 22.315452310950604
41.0 26.15123197368619
42.0 21.959345296430048
43.0 19.450404785238685
44.0 17.525220010589468
45.0 12.878035889290153
46.0 13.626011963096715
47.0 11.860154866907424
48.0 10.36260119630967
49.0 7.572368895948536
50.0 6.643892985479444
51.0 7.730095051423838
52.0 6.5203273517849745
53.0 6.385374877496894
54.0 5.35121435571606
55.0 6.315452310950607
56.0 5.321946492739722
57.0 8.964237955234545
58.0 9.304065470356996
59.0 10.43252376285596
60.0 9.824392822141968
61.0 6.82439282214197
62.0 4.468285807621414
63.0 4.473178466425909
64.0 3.765857096189292
65.0 2.0178810223827273
66.0 2.7365892332129547
67.0 1.5967441001203788
68.0 1.9821189776172725
69.0 2.0292678629763383
70.0 2.0406547035699494
71.0 1.8130059815483586
72.0 1.6260119630967174
73.0 2.1691129960689137
74.0 1.830887003931086
75.0 3.43252376285596
76.0 2.222756063217096
77.0 1.5674762371440405
78.0 2.4439106034495706
79.0 2.362601196309672
80.0 2.2162618814279793
81.0 1.9121964110709848
82.0 1.5967441001203788
83.0 2.234142903810707
84.0 3.403255899879621
85.0 3.549595214761313
86.0 2.4796726482150255
87.0 1.7430834150020706
88.0 1.9886131594063892
89.0 2.619517781307601
90.0 2.2162618814279798
91.0 1.8829285480946465
