436 3.4700000e+02
437 3.7500000e+02
438 4.0100000e+02
439 3.9600000e+02
440 4.2800000e+02
441 4.0700000e+02
442 3.8300000e+02
443 3.6100000e+02
444 3.3400000e+02
445 3.6400000e+02
446 3.6400000e+02
447 4.0000000e+02
448 3.6500000e+02
449 3.7300000e+02
450 4.2200000e+02
451 3.9500000e+02
452 4.0400000e+02
453 4.1300000e+02
454 4.3500000e+02
455 5.1600000e+02
456 4.6600000e+02
457 5.5300000e+02
458 5.0900000e+02
459 5.3200000e+02
460 5.5300000e+02
461 5.7200000e+02
462 6.7500000e+02
463 7.2900000e+02
464 7.5700000e+02
465 6.8300000e+02
466 7.2400000e+02
467 7.8900000e+02
468 9.8700000e+02
469 1.5060000e+03
470 2.2600000e+03
471 3.0240000e+03
472 3.4240000e+03
473 2.8230000e+03
474 2.4120000e+03
475 2.0180000e+03
476 1.8820000e+03
477 2.1350000e+03
478 2.2820000e+03
479 1.9310000e+03
480 1.4960000e+03
481 1.2150000e+03
482 1.0630000e+03
483 8.9800000e+02
484 7.8300000e+02
485 7.6900000e+02
486 7.0000000e+02
487 6.7400000e+02
488 6.3400000e+02
489 6.2500000e+02
490 6.4700000e+02
491 8.7600000e+02
492 1.4490000e+03
493 1.8740000e+03
494 1.4740000e+03
495 9.4000000e+02
496 6.9200000e+02
497 5.9100000e+02
498 6.6300000e+02
499 7.6200000e+02
500 7.2000000e+02
501 6.7900000e+02
502 6.8700000e+02
503 5.9300000e+02
504 5.5100000e+02
505 4.9400000e+02
506 5.3300000e+02
507 5.9000000e+02
508 5.9400000e+02
509 5.1500000e+02
510 4.8900000e+02
511 4.6500000e+02
512 4.2300000e+02
513 4.1100000e+02
514 3.9400000e+02
515 4.1100000e+02
516 4.7900000e+02
517 5.2000000e+02
518 4.6500000e+02
519 4.0700000e+02
520 4.0900000e+02
521 4.3200000e+02
522 4.3200000e+02
523 4.2500000e+02
524 4.5800000e+02
525 4.7900000e+02
526 5.6200000e+02
527 6.8200000e+02
528 5.2200000e+02
529 4.9300000e+02
530 4.3600000e+02
531 4.6600000e+02
532 4.4000000e+02
533 4.1300000e+02
534 4.2000000e+02
535 5.2700000e+02
536 6.8000000e+02
537 9.2800000e+02
538 1.1170000e+03
539 1.0180000e+03
540 8.4800000e+02
541 6.1400000e+02
542 6.0100000e+02
543 5.4900000e+02
544 5.0500000e+02
545 5.3800000e+02
546 5.7600000e+02
547 5.4200000e+02
548 5.3100000e+02
549 4.9100000e+02
550 4.6300000e+02
551 4.3900000e+02
552 4.2400000e+02
553 4.7100000e+02
554 3.8600000e+02
555 4.0800000e+02
556 4.1100000e+02
557 3.8000000e+02
558 3.6900000e+02
559 3.7100000e+02
560 3.6600000e+02
561 3.0700000e+02
562 3.2500000e+02
563 3.2200000e+02
564 3.3300000e+02
565 3.4700000e+02
566 3.0000000e+02
567 3.1300000e+02
568 2.7400000e+02
569 3.3400000e+02
570 3.6600000e+02
571 3.8200000e+02
572 3.3900000e+02
573 3.7800000e+02
574 3.8500000e+02
575 5.0500000e+02
576 4.9600000e+02
577 3.6000000e+02
578 3.5000000e+02
579 3.3900000e+02
580 3.9300000e+02
581 3.0600000e+02
582 3.3400000e+02
583 2.7000000e+02
584 3.0900000e+02
585 3.3600000e+02
586 3.3900000e+02
587 3.1500000e+02
588 3.1800000e+02
589 3.2900000e+02
590 3.3300000e+02
591 3.3400000e+02
592 3.8500000e+02
593 3.5900000e+02
594 3.6500000e+02
595 3.2400000e+02
596 3.3200000e+02
597 3.3100000e+02
598 2.8500000e+02
599 3.1600000e+02
600 3.2500000e+02
601 3.1600000e+02
602 3.2200000e+02
603 3.3500000e+02
604 3.1200000e+02
605 3.1800000e+02
606 3.7000000e+02
607 3.6200000e+02
608 4.1000000e+02
609 6.4000000e+02
610 5.2300000e+02
611 4.0300000e+02
612 3.5300000e+02
613 3.1700000e+02
614 2.8000000e+02
615 3.1600000e+02
616 2.8400000e+02
617 3.0200000e+02
618 2.7100000e+02
619 3.0900000e+02
620 2.6600000e+02
621 2.6000000e+02
622 2.7500000e+02
623 2.6900000e+02
624 2.5500000e+02
625 2.6500000e+02
626 2.5400000e+02
627 2.6900000e+02
628 2.8000000e+02
629 2.7300000e+02
630 2.5300000e+02
631 2.5700000e+02
632 2.5900000e+02
633 2.4600000e+02
634 2.6700000e+02
635 2.9700000e+02
636 2.8400000e+02
637 3.3500000e+02
638 4.2900000e+02
639 5.5200000e+02
640 4.4900000e+02
641 3.5800000e+02
642 2.8500000e+02
643 2.7800000e+02
644 2.4100000e+02
645 2.2100000e+02
646 2.2800000e+02
647 2.5000000e+02
648 2.1700000e+02
649 2.3700000e+02
650 2.3200000e+02
651 2.4300000e+02
652 2.2200000e+02
653 2.3000000e+02
654 2.2200000e+02
655 2.2500000e+02
656 2.0700000e+02
657 2.2300000e+02
658 2.4400000e+02
659 2.2700000e+02
660 2.4300000e+02
661 2.3200000e+02
662 2.5800000e+02
663 2.4700000e+02
664 3.0900000e+02
665 3.5300000e+02
666 4.0800000e+02
667 3.4500000e+02
668 3.1800000e+02
669 2.5600000e+02
670 2.6800000e+02
671 2.6300000e+02
672 2.1700000e+02
673 2.5700000e+02
674 2.4700000e+02
675 2.5800000e+02
676 2.4500000e+02
677 2.4700000e+02
678 2.5400000e+02
679 2.4400000e+02
680 2.4700000e+02
681 2.3500000e+02
682 2.7800000e+02
683 3.1400000e+02
684 3.6700000e+02
685 4.1400000e+02
686 4.1300000e+02
687 3.2000000e+02
688 2.8400000e+02
689 2.3700000e+02
690 2.5300000e+02
691 2.3900000e+02
692 2.5400000e+02
693 2.1800000e+02
694 2.2500000e+02
695 2.4100000e+02
696 2.1500000e+02
697 2.4200000e+02
698 2.6000000e+02
699 2.3200000e+02
700 2.5600000e+02
701 2.7500000e+02
702 2.4100000e+02
703 2.7000000e+02
704 2.6400000e+02
705 2.7000000e+02
706 2.9700000e+02
707 3.4500000e+02
708 3.1400000e+02
709 2.9400000e+02
710 2.5500000e+02
711 2.6500000e+02
712 2.2600000e+02
713 2.3400000e+02
714 2.3800000e+02
715 2.4200000e+02
716 2.3000000e+02
717 2.2600000e+02
718 2.6100000e+02
719 2.3700000e+02
720 2.3900000e+02
721 2.1400000e+02
722 1.9300000e+02
723 2.1400000e+02
724 2.0100000e+02
725 1.7600000e+02
726 2.1100000e+02
727 2.0600000e+02
728 2.1100000e+02
729 2.0800000e+02
730 2.3600000e+02
731 2.1500000e+02
732 2.0500000e+02
733 1.8300000e+02
734 1.5900000e+02
735 1.9100000e+02
736 2.2500000e+02
737 2.9600000e+02
738 3.1200000e+02
739 2.5300000e+02
740 2.1000000e+02
741 2.0300000e+02
742 1.8300000e+02
743 1.7500000e+02
744 1.9600000e+02
745 1.8100000e+02
746 2.1100000e+02
747 1.9500000e+02
748 1.9100000e+02
749 1.5900000e+02
750 1.8200000e+02
751 2.0400000e+02
752 2.1600000e+02
753 2.1000000e+02
754 1.8200000e+02
755 1.9100000e+02
756 2.0300000e+02
757 2.0500000e+02
758 2.2100000e+02
759 2.1100000e+02
760 1.6500000e+02
761 1.8500000e+02
762 1.9200000e+02
763 1.7900000e+02
764 1.7700000e+02
765 1.7200000e+02
766 1.7600000e+02
767 1.8500000e+02
768 1.5400000e+02
769 1.8200000e+02
770 1.9800000e+02
771 2.0000000e+02
772 1.7900000e+02
773 1.6700000e+02
774 1.7500000e+02
775 1.7400000e+02
776 1.5200000e+02
777 1.9000000e+02
778 1.6500000e+02
779 1.8200000e+02
780 1.8300000e+02
781 1.8000000e+02
782 1.9800000e+02
783 2.0500000e+02
784 2.0700000e+02
785 1.8200000e+02
786 1.7500000e+02
787 1.5300000e+02
788 1.7400000e+02
789 1.7100000e+02
790 1.7700000e+02
791 1.5700000e+02
792 1.6600000e+02
793 1.6800000e+02
794 1.7200000e+02
795 1.9100000e+02
796 1.6900000e+02
797 1.7400000e+02
798 1.8600000e+02
799 1.8200000e+02
800 1.8500000e+02
801 1.7100000e+02
802 1.7400000e+02
803 1.6500000e+02
804 1.8100000e+02
805 1.6500000e+02
806 1.8900000e+02
807 1.8000000e+02
808 2.0100000e+02
809 1.7400000e+02
810 1.8700000e+02
811 1.7300000e+02
812 1.6600000e+02
813 1.6600000e+02
814 1.6500000e+02
815 1.8400000e+02
816 1.8400000e+02
817 1.6000000e+02
818 1.7100000e+02
819 1.5300000e+02
820 1.6200000e+02
821 1.7700000e+02
822 1.7100000e+02
823 1.8800000e+02
824 1.6400000e+02
825 1.7400000e+02
826 1.9200000e+02
827 2.2200000e+02
828 2.2700000e+02
829 2.2100000e+02
830 1.9500000e+02
831 1.9400000e+02
832 1.9000000e+02
833 1.5900000e+02
834 1.6200000e+02
835 1.5900000e+02
836 1.7900000e+02
837 1.7500000e+02
838 1.8300000e+02
839 1.8200000e+02
840 1.7200000e+02
841 1.7000000e+02
842 2.0700000e+02
843 1.7800000e+02
844 1.8500000e+02
845 1.7500000e+02
846 1.6700000e+02
847 1.6600000e+02
848 1.6300000e+02
849 1.8200000e+02
850 1.6500000e+02
851 1.6500000e+02
852 1.6300000e+02
853 1.5300000e+02
854 1.6100000e+02
855 1.8800000e+02
856 1.7000000e+02
857 1.5800000e+02
858 1.5500000e+02
859 1.6300000e+02
860 1.4500000e+02
861 1.6500000e+02
862 1.7800000e+02
863 1.6800000e+02
864 1.5400000e+02
865 1.7100000e+02
866 1.4600000e+02
867 1.5100000e+02
868 1.4200000e+02
869 1.6000000e+02
870 1.6200000e+02
871 1.7400000e+02
872 1.5000000e+02
873 1.4600000e+02
874 1.8700000e+02
875 1.6800000e+02
876 1.6200000e+02
877 1.6500000e+02
878 1.5100000e+02
879 1.5000000e+02
880 1.5200000e+02
881 1.6100000e+02
882 1.5500000e+02
883 1.6900000e+02
884 1.7300000e+02
885 1.5300000e+02
886 1.4200000e+02
887 1.5100000e+02
888 1.5300000e+02
889 1.7300000e+02
890 1.6600000e+02
891 1.8100000e+02
892 1.6300000e+02
893 2.0400000e+02
894 1.5700000e+02
895 1.8000000e+02
896 1.6500000e+02
897 1.4500000e+02
898 1.4400000e+02
899 1.5500000e+02
900 1.6100000e+02
901 1.4900000e+02
902 1.7500000e+02
903 1.5900000e+02
904 1.5300000e+02
905 1.6100000e+02
906 1.4600000e+02
907 1.5600000e+02
908 1.5500000e+02
909 1.5600000e+02
910 1.6500000e+02
911 1.5200000e+02
912 1.7800000e+02
913 1.5200000e+02
914 1.6100000e+02
915 1.4800000e+02
916 1.5200000e+02
917 1.7300000e+02
918 1.5000000e+02
919 1.4900000e+02
920 1.4700000e+02
921 1.5600000e+02
922 1.5100000e+02
923 1.5000000e+02
924 1.4800000e+02
925 1.6500000e+02
926 1.5100000e+02
927 1.4000000e+02
928 1.6600000e+02
929 1.4500000e+02
930 1.4200000e+02
931 1.5400000e+02
932 1.3300000e+02
933 1.2000000e+02
934 1.5300000e+02
935 1.4100000e+02
936 1.3300000e+02
937 1.6700000e+02
938 1.4700000e+02
939 1.4300000e+02
940 1.6700000e+02
941 1.6500000e+02
942 1.7500000e+02
943 1.4000000e+02
944 1.3000000e+02
945 1.3100000e+02
946 1.6000000e+02
947 1.5400000e+02
948 1.3500000e+02
949 1.5000000e+02
950 1.5100000e+02
951 1.4500000e+02
952 1.2600000e+02
953 1.4400000e+02
954 1.4600000e+02
955 1.2900000e+02
956 1.5200000e+02
957 1.3200000e+02
958 1.4400000e+02
959 1.2200000e+02
960 1.5100000e+02
961 1.3400000e+02
962 1.5100000e+02
963 1.4100000e+02
964 1.3800000e+02
965 1.3600000e+02
966 1.3900000e+02
967 1.4800000e+02
968 1.4500000e+02
969 1.2400000e+02
970 1.5900000e+02
971 1.6600000e+02
972 1.8400000e+02
973 1.7400000e+02
974 2.0000000e+02
975 2.0400000e+02
976 1.9100000e+02
977 1.9400000e+02
978 1.6300000e+02
979 1.5500000e+02
980 1.7200000e+02
981 1.5200000e+02
982 1.5900000e+02
983 1.5200000e+02
984 1.3900000e+02
985 1.5700000e+02
986 1.2900000e+02
987 1.3500000e+02
988 1.4900000e+02
989 1.6700000e+02
990 1.6500000e+02
991 1.5600000e+02
992 1.5900000e+02
993 1.6200000e+02
994 2.1300000e+02
995 1.7800000e+02
996 1.7100000e+02
997 1.3400000e+02
998 1.4600000e+02
999 1.4600000e+02
