0 1.0200000e+02
1 1.3500000e+02
2 1.2800000e+02
3 1.2300000e+02
4 1.0100000e+02
5 1.0800000e+02
6 1.0600000e+02
7 9.7000000e+01
8 1.0700000e+02
9 7.8000000e+01
10 7.9000000e+01
11 8.9000000e+01
12 1.0800000e+02
13 1.0300000e+02
14 1.0800000e+02
15 9.9000000e+01
16 1.0100000e+02
17 9.0000000e+01
18 9.9000000e+01
19 1.2800000e+02
20 1.3000000e+02
21 1.2500000e+02
22 1.4500000e+02
23 1.1500000e+02
24 1.1900000e+02
25 1.1400000e+02
26 1.2200000e+02
27 9.8000000e+01
28 9.2000000e+01
29 1.0900000e+02
30 8.8000000e+01
31 1.0300000e+02
32 1.0500000e+02
33 1.0900000e+02
34 1.0600000e+02
35 9.8000000e+01
36 1.0600000e+02
37 1.1000000e+02
38 9.9000000e+01
39 1.0000000e+02
40 9.8000000e+01
41 1.2800000e+02
42 9.7000000e+01
43 9.6000000e+01
44 1.1100000e+02
45 9.5000000e+01
46 9.9000000e+01
47 1.0200000e+02
48 9.4000000e+01
49 9.4000000e+01
50 9.1000000e+01
51 1.0500000e+02
52 1.1600000e+02
53 1.1800000e+02
54 1.1600000e+02
55 1.0100000e+02
56 1.1400000e+02
57 1.0000000e+02
58 1.3700000e+02
59 1.2700000e+02
60 1.3400000e+02
61 1.2300000e+02
62 1.3800000e+02
63 1.3700000e+02
64 1.1100000e+02
65 1.1200000e+02
66 1.1800000e+02
67 1.2100000e+02
68 1.5300000e+02
69 1.3900000e+02
70 1.7800000e+02
71 1.7100000e+02
72 2.1600000e+02
73 3.0300000e+02
74 2.8500000e+02
75 2.4100000e+02
76 1.6700000e+02
77 1.5200000e+02
78 1.4300000e+02
79 1.3000000e+02
80 1.0300000e+02
81 1.0000000e+02
82 1.1500000e+02
83 1.3000000e+02
84 1.1300000e+02
85 1.2300000e+02
86 1.1600000e+02
87 1.1700000e+02
88 1.1900000e+02
89 1.4600000e+02
90 1.3200000e+02
91 1.2000000e+02
92 1.2200000e+02
93 1.3900000e+02
94 1.1600000e+02
95 1.1800000e+02
96 1.2100000e+02
97 1.2800000e+02
98 1.1700000e+02
99 1.1100000e+02
100 1.1800000e+02
101 1.3300000e+02
102 1.4100000e+02
103 1.1600000e+02
104 1.0900000e+02
105 1.4800000e+02
106 1.2700000e+02
107 1.1900000e+02
108 1.1900000e+02
109 1.4100000e+02
110 1.4000000e+02
111 1.1100000e+02
112 1.0800000e+02
113 1.1400000e+02
114 1.3500000e+02
115 1.3500000e+02
116 1.2000000e+02
117 1.4300000e+02
118 1.2800000e+02
119 1.2000000e+02
120 1.1800000e+02
121 1.2100000e+02
122 1.2300000e+02
123 1.3400000e+02
124 1.3900000e+02
125 1.2100000e+02
126 1.3900000e+02
127 1.2200000e+02
128 1.4500000e+02
129 1.2400000e+02
130 1.3000000e+02
131 1.3400000e+02
132 1.5000000e+02
133 1.4300000e+02
134 1.3100000e+02
135 1.2400000e+02
136 1.3000000e+02
137 1.0100000e+02
138 1.3400000e+02
139 1.5300000e+02
140 1.2900000e+02
141 1.2800000e+02
142 1.3200000e+02
143 1.3900000e+02
144 1.7000000e+02
145 1.3000000e+02
146 1.3000000e+02
147 1.2200000e+02
148 1.4100000e+02
149 1.3600000e+02
150 1.4800000e+02
151 1.4200000e+02
152 1.3600000e+02
153 1.1900000e+02
154 1.3600000e+02
155 1.4700000e+02
156 1.4300000e+02
157 1.3700000e+02
158 1.3400000e+02
159 1.4100000e+02
160 1.2000000e+02
161 1.3400000e+02
162 1.3300000e+02
163 1.4600000e+02
164 1.2900000e+02
165 1.2600000e+02
166 1.3600000e+02
167 1.3100000e+02
168 1.4500000e+02
169 1.5400000e+02
170 1.4700000e+02
171 1.1900000e+02
172 1.3400000e+02
173 1.2400000e+02
174 1.3900000e+02
175 1.3300000e+02
176 1.3300000e+02
177 1.2700000e+02
178 1.1700000e+02
179 1.4200000e+02
180 1.3300000e+02
181 1.4300000e+02
182 1.3300000e+02
183 1.3400000e+02
184 1.3400000e+02
185 1.2800000e+02
186 1.3700000e+02
187 1.3300000e+02
188 1.3300000e+02
189 1.1600000e+02
190 1.2300000e+02
191 1.4600000e+02
192 1.3600000e+02
193 1.4100000e+02
194 1.2800000e+02
195 1.4000000e+02
196 1.2900000e+02
197 1.5000000e+02
198 1.3000000e+02
199 1.4600000e+02
200 1.3900000e+02
201 1.3200000e+02
202 1.4200000e+02
203 1.6400000e+02
204 1.4500000e+02
205 1.2900000e+02
206 1.3100000e+02
207 1.4900000e+02
208 1.2200000e+02
209 1.3900000e+02
210 1.4300000e+02
211 1.1800000e+02
212 1.3200000e+02
213 1.4700000e+02
214 1.4000000e+02
215 1.4300000e+02
216 1.4300000e+02
217 1.3700000e+02
218 1.3400000e+02
219 1.4300000e+02
220 1.3900000e+02
221 1.3400000e+02
222 1.2800000e+02
223 1.2700000e+02
224 1.6200000e+02
225 1.1800000e+02
226 1.3500000e+02
227 1.4700000e+02
228 1.4100000e+02
229 1.6100000e+02
230 1.4900000e+02
231 1.3200000e+02
232 1.3200000e+02
233 1.4100000e+02
234 1.2100000e+02
235 1.4700000e+02
236 1.4600000e+02
237 1.8900000e+02
238 1.5800000e+02
239 1.5600000e+02
240 1.5700000e+02
241 1.3600000e+02
242 1.2700000e+02
243 1.2500000e+02
244 1.2600000e+02
245 1.5900000e+02
246 1.2600000e+02
247 1.3700000e+02
248 1.4700000e+02
249 1.4600000e+02
250 1.6900000e+02
251 1.9300000e+02
252 1.9800000e+02
253 1.8800000e+02
254 1.6600000e+02
255 1.4500000e+02
256 1.4200000e+02
257 1.5200000e+02
258 1.2600000e+02
259 1.3600000e+02
260 1.2700000e+02
261 1.4700000e+02
262 1.4700000e+02
263 1.1900000e+02
264 1.3000000e+02
265 1.4200000e+02
266 1.4100000e+02
267 1.3700000e+02
268 1.2000000e+02
269 1.4700000e+02
270 1.7000000e+02
271 1.2300000e+02
272 1.2100000e+02
273 1.6100000e+02
274 1.7300000e+02
275 1.7500000e+02
276 1.5900000e+02
277 1.7700000e+02
278 1.6900000e+02
279 1.5700000e+02
280 1.4500000e+02
281 1.4800000e+02
282 1.3900000e+02
283 1.4500000e+02
284 1.3800000e+02
285 1.1000000e+02
286 1.3300000e+02
287 1.4400000e+02
288 1.6000000e+02
289 1.4100000e+02
290 1.2500000e+02
291 1.1600000e+02
292 1.2900000e+02
293 1.3200000e+02
294 1.4600000e+02
295 1.4400000e+02
296 1.5100000e+02
297 1.3700000e+02
298 1.4500000e+02
299 1.6500000e+02
300 1.5700000e+02
301 1.5000000e+02
302 1.5000000e+02
303 1.5700000e+02
304 1.3400000e+02
305 1.5100000e+02
306 1.2700000e+02
307 1.7200000e+02
308 1.3900000e+02
309 1.5600000e+02
310 1.7100000e+02
311 1.6700000e+02
312 1.5000000e+02
313 1.4200000e+02
314 1.4300000e+02
315 1.5700000e+02
316 1.7400000e+02
317 1.6900000e+02
318 1.3300000e+02
319 1.5100000e+02
320 1.5900000e+02
321 1.5400000e+02
322 1.6900000e+02
323 1.9600000e+02
324 1.6500000e+02
325 1.8200000e+02
326 2.0800000e+02
327 2.2100000e+02
328 1.8300000e+02
329 1.8400000e+02
330 1.7100000e+02
331 1.7500000e+02
332 1.5100000e+02
333 1.9000000e+02
334 2.0500000e+02
335 1.9000000e+02
336 2.0300000e+02
337 2.1900000e+02
338 2.0700000e+02
339 2.1700000e+02
340 1.9100000e+02
341 2.1300000e+02
342 1.9900000e+02
343 1.9600000e+02
344 1.9200000e+02
345 1.9800000e+02
346 1.9400000e+02
347 2.1200000e+02
348 2.2300000e+02
349 2.3700000e+02
350 2.3000000e+02
351 1.8700000e+02
352 1.5600000e+02
353 1.8500000e+02
354 1.7700000e+02
355 1.7500000e+02
356 1.6600000e+02
357 1.7300000e+02
358 1.8900000e+02
359 1.9500000e+02
360 1.6400000e+02
361 1.7600000e+02
362 1.8600000e+02
363 2.1300000e+02
364 2.1400000e+02
365 2.1100000e+02
366 2.2200000e+02
367 2.1200000e+02
368 1.8200000e+02
369 1.8200000e+02
370 1.7800000e+02
371 1.9000000e+02
372 1.9300000e+02
373 2.3400000e+02
374 2.2300000e+02
375 3.0100000e+02
376 2.7300000e+02
377 2.3000000e+02
378 1.8300000e+02
379 1.5900000e+02
380 1.8000000e+02
381 1.7600000e+02
382 1.4400000e+02
383 1.7300000e+02
384 1.7100000e+02
385 1.9600000e+02
386 2.9600000e+02
387 3.0700000e+02
388 2.1900000e+02
389 1.7600000e+02
390 1.9900000e+02
391 1.8900000e+02
392 2.0200000e+02
393 1.7200000e+02
394 1.9700000e+02
395 1.7600000e+02
396 1.7600000e+02
397 1.9800000e+02
398 1.7000000e+02
399 1.8500000e+02
400 1.9100000e+02
401 1.7700000e+02
402 1.6900000e+02
403 1.9800000e+02
404 1.5800000e+02
405 2.1900000e+02
406 1.9400000e+02
407 1.9600000e+02
408 2.0900000e+02
409 1.9800000e+02
410 1.7900000e+02
411 1.9400000e+02
412 1.6800000e+02
413 1.6600000e+02
414 1.9800000e+02
415 1.8500000e+02
416 1.9100000e+02
417 2.0300000e+02
418 2.5000000e+02
419 2.4100000e+02
420 2.2500000e+02
421 1.9200000e+02
422 2.0000000e+02
423 2.2200000e+02
424 2.0500000e+02
425 1.8900000e+02
426 1.8500000e+02
427 2.0200000e+02
428 2.0300000e+02
429 1.9900000e+02
430 2.1800000e+02
431 1.9200000e+02
432 2.0100000e+02
433 2.1100000e+02
434 2.0600000e+02
435 2.2300000e+02
436 2.1500000e+02
437 2.6500000e+02
438 2.7100000e+02
439 2.5900000e+02
440 2.3000000e+02
441 1.9600000e+02
442 2.1800000e+02
443 2.1800000e+02
444 2.1100000e+02
445 2.1500000e+02
446 2.2500000e+02
447 2.1200000e+02
448 2.5100000e+02
449 2.3600000e+02
450 2.3700000e+02
451 2.4600000e+02
452 2.5600000e+02
453 2.4100000e+02
454 2.8000000e+02
455 2.6300000e+02
456 2.2900000e+02
457 2.2700000e+02
458 2.0900000e+02
459 2.2900000e+02
460 2.4500000e+02
461 2.4700000e+02
462 2.1300000e+02
463 2.2400000e+02
464 2.0300000e+02
465 2.2300000e+02
466 2.3100000e+02
467 2.3100000e+02
468 2.0700000e+02
469 2.7000000e+02
470 2.6800000e+02
471 2.5700000e+02
472 2.8300000e+02
473 2.8500000e+02
474 3.2200000e+02
475 2.9000000e+02
476 2.2500000e+02
477 2.7400000e+02
478 2.4000000e+02
479 2.6200000e+02
480 2.9900000e+02
481 2.9200000e+02
482 2.6500000e+02
483 2.6400000e+02
484 2.5600000e+02
485 2.4900000e+02
486 2.6700000e+02
487 3.0100000e+02
488 3.0600000e+02
489 2.7900000e+02
490 2.4800000e+02
491 2.2700000e+02
492 2.4100000e+02
493 2.3800000e+02
494 2.4900000e+02
495 2.5300000e+02
496 2.4700000e+02
497 3.0300000e+02
498 3.6900000e+02
499 3.7300000e+02
500 3.4000000e+02
501 2.6300000e+02
502 2.8400000e+02
503 2.5800000e+02
504 2.5100000e+02
505 2.4800000e+02
506 2.4000000e+02
507 2.4800000e+02
508 2.6100000e+02
509 2.6400000e+02
510 2.2900000e+02
511 2.9700000e+02
512 2.5200000e+02
513 2.7100000e+02
514 2.5800000e+02
515 2.4700000e+02
516 2.4700000e+02
517 2.3000000e+02
518 2.4800000e+02
519 2.4900000e+02
520 2.3400000e+02
521 2.5400000e+02
522 2.6700000e+02
523 2.4200000e+02
524 2.6000000e+02
525 2.4200000e+02
526 2.5200000e+02
527 2.5500000e+02
528 2.6800000e+02
529 2.9500000e+02
530 2.8000000e+02
531 2.6800000e+02
532 2.6600000e+02
533 3.5200000e+02
534 4.0900000e+02
535 3.7600000e+02
536 3.5000000e+02
537 3.3200000e+02
538 3.0900000e+02
539 3.2800000e+02
540 3.0800000e+02
541 3.1100000e+02
542 3.3200000e+02
543 3.2500000e+02
544 3.1700000e+02
545 3.8900000e+02
546 3.7800000e+02
547 4.6400000e+02
548 3.9400000e+02
549 3.2200000e+02
550 3.2500000e+02
551 3.5700000e+02
552 3.1000000e+02
553 3.8600000e+02
554 3.2000000e+02
555 3.2600000e+02
556 3.3100000e+02
557 3.4600000e+02
558 4.0600000e+02
559 4.0800000e+02
560 4.1500000e+02
561 3.9900000e+02
562 4.4400000e+02
563 5.0200000e+02
564 5.8500000e+02
565 5.7200000e+02
566 5.3800000e+02
567 4.7700000e+02
568 4.2800000e+02
569 3.9600000e+02
570 4.0800000e+02
571 4.5300000e+02
572 5.5700000e+02
573 6.9900000e+02
574 9.8600000e+02
575 1.0400000e+03
576 6.8700000e+02
577 4.2300000e+02
578 3.7500000e+02
579 3.8400000e+02
580 3.7600000e+02
581 3.6600000e+02
582 3.6400000e+02
583 4.2500000e+02
584 4.3700000e+02
585 5.3600000e+02
586 7.1500000e+02
587 5.5600000e+02
588 4.2800000e+02
589 4.3400000e+02
590 3.8400000e+02
591 4.0600000e+02
592 4.0000000e+02
593 3.8000000e+02
594 3.6500000e+02
595 3.3200000e+02
596 3.6300000e+02
597 3.3800000e+02
598 3.1500000e+02
599 3.4800000e+02
600 3.6200000e+02
601 3.9700000e+02
602 3.9700000e+02
603 4.9800000e+02
604 5.4300000e+02
605 4.2200000e+02
606 3.3200000e+02
607 3.2700000e+02
608 3.4600000e+02
609 4.1000000e+02
610 4.1600000e+02
611 3.9000000e+02
612 3.8400000e+02
613 3.5100000e+02
614 3.9500000e+02
615 4.0000000e+02
616 3.7100000e+02
617 3.7300000e+02
618 4.1300000e+02
619 3.9500000e+02
620 3.7600000e+02
621 3.8800000e+02
622 3.4600000e+02
623 3.8400000e+02
624 3.7700000e+02
625 3.7300000e+02
626 4.3000000e+02
627 4.7600000e+02
628 4.9200000e+02
629 4.7100000e+02
630 4.6200000e+02
631 4.8100000e+02
632 5.2000000e+02
633 5.4700000e+02
634 4.8300000e+02
635 4.4900000e+02
636 4.4600000e+02
637 4.2000000e+02
638 4.2700000e+02
639 4.5200000e+02
640 4.6000000e+02
641 4.4800000e+02
642 4.6600000e+02
643 4.7900000e+02
644 5.4900000e+02
645 5.6900000e+02
646 6.9100000e+02
647 8.1300000e+02
648 9.4500000e+02
649 1.5210000e+03
650 1.6300000e+03
651 1.2210000e+03
652 1.0640000e+03
653 1.0990000e+03
654 9.3800000e+02
655 7.2900000e+02
656 7.2800000e+02
657 6.7800000e+02
658 7.4600000e+02
659 7.6700000e+02
660 7.9900000e+02
661 8.4000000e+02
662 8.6800000e+02
663 9.4900000e+02
664 1.0900000e+03
665 1.2040000e+03
666 1.4050000e+03
667 1.9440000e+03
668 2.6800000e+03
669 3.1010000e+03
670 3.6320000e+03
671 4.1260000e+03
672 3.6820000e+03
673 3.4970000e+03
674 3.1330000e+03
675 3.1630000e+03
