1.0 3.8357796627355807
2.0 3.2048750408343687
3.0 3.60813094071399
4.0 3.403255899879621
5.0 1.7902323003611367
6.0 1.7544702555956817
7.0 1.4796726482150249
8.0 1.1869940184516414
9.0 0.9593452964300506
10.0 1.5788630777376518
11.0 1.60813094071399
12.0 1.0585357259526769
13.0 1.204875040834369
14.0 2.186994018451641
15.0 2.0292678629763383
16.0 1.3219464927397224
17.0 1.9707321370236615
18.0 2.058535725952677
19.0 1.6845476890493938
20.0 1.695934529643005
21.0 0.7544702555956819
22.0 0.32194649273972237
23.0 1.912196411070985
24.0 2.4211369222623484
25.0 2.6552798260730555
26.0 2.7365892332129547
27.0 1.7837381185720202
28.0 1.450404785238687
29.0 1.8829285480946465
30.0 1.7837381185720202
31.0 2.1642203372644193
32.0 4.198380859045252
33.0 3.502446329402247
34.0 3.403255899879621
35.0 3.134952474288081
36.0 4.256916584997929
37.0 5.128458292498964
38.0 4.450404785238686
39.0 3.8829285480946467
40.0 3.508940511191364
41.0 3.5788630777376516
42.0 4.443910603449571
43.0 2.860154866907424
44.0 3.853660685118308
45.0 4.432523762855959
46.0 3.7723512779784087
47.0 4.817898640352854
48.0 2.959345296430051
49.0 2.9365716152428285
50.0 4.21626188142798
51.0 2.7902323003611365
52.0 4.60813094071399
53.0 5.0991904295226265
54.0 3.626011963096717
55.0 3.450404785238687
56.0 4.2341429038107075
57.0 6.22764872202159
58.0 4.9886131594063885
59.0 5.43252376285596
60.0 4.3690953780987885
61.0 4.912196411070985
62.0 6.678053507260278
63.0 3.995107341195506
64.0 4.373988036903283
65.0 3.491059488808636
66.0 2.9414642740473234
67.0 1.6260119630967171
68.0 1.4910594888086361
69.0 1.842273844524697
70.0 1.8130059815483586
71.0 1.6552798260730557
72.0 2.245529744404318
73.0 2.4910594888086366
74.0 1.6552798260730555
75.0 1.6260119630967174
76.0 2.630904621901212
77.0 1.3219464927397224
78.0 1.0878035889290152
79.0 1.6780535072602778
80.0 1.39186905928601
81.0 1.439017944645076
82.0 1.7365892332129544
83.0 1.695934529643005
84.0 3.139845133092576
85.0 1.2634107667870456
86.0 1.2341429038107072
87.0 1.3219464927397224
88.0 1.5089405111913636
89.0 1.60813094071399
90.0 0.8715417075010355
91.0 1.6780535072602778
