1.0 1.134952474288081
2.0 0.8130059815483586
3.0 1.5089405111913639
4.0 2.1983808590452525
5.0 2.648785644283939
6.0 1.7723512779784094
7.0 1.4910594888086361
8.0 0.8715417075010355
9.0 0.9121964110709847
10.0 0.6666666666666666
11.0 1.2747976073806566
12.0 3.0341605217808336
13.0 1.5089405111913636
14.0 2.3154523109506058
15.0 1.8243928221419694
16.0 1.1170714519053535
17.0 1.245529744404318
18.0 1.549595214761313
19.0 1.3512143557160607
20.0 1.4617916258322978
21.0 1.648785644283939
22.0 1.450404785238687
23.0 0.9593452964300506
24.0 1.60813094071399
25.0 2.1577261554753027
26.0 2.1869940184516414
27.0 2.8829285480946467
28.0 3.1577261554753036
29.0 4.736589233212954
30.0 4.5203273517849745
31.0 4.252023926193434
32.0 6.525220010589469
33.0 4.351214355716061
34.0 3.813005981548359
35.0 3.637398803690328
36.0 3.304065470356995
37.0 3.3447201739269445
38.0 1.9186905928601012
39.0 3.4325237628559595
40.0 5.121964110709848
41.0 2.9365716152428285
42.0 3.7073213702366155
43.0 4.139845133092575
44.0 2.8894227298837625
45.0 3.7951249591656313
46.0 4.7187082108302265
47.0 4.6146251225031065
48.0 4.2341429038107075
49.0 4.1463393148816925
50.0 4.684547689049395
51.0 6.601636758924873
52.0 6.765857096189293
53.0 6.5203273517849745
54.0 6.110577270116238
55.0 3.3333333333333335
56.0 3.637398803690329
57.0 2.6959345296430057
58.0 3.8357796627355802
59.0 4.8065117997592415
60.0 4.666666666666667
61.0 5.128458292498965
62.0 3.78373811857202
63.0 3.1642203372644193
64.0 3.9121964110709855
65.0 4.596744100120379
66.0 4.461791625832298
67.0 2.626011963096717
68.0 3.326839151544217
69.0 2.9121964110709846
70.0 2.186994018451641
71.0 1.6552798260730557
72.0 2.011386840593611
73.0 0.9008095704773739
74.0 0.6552798260730557
75.0 1.9121964110709848
76.0 1.6666666666666667
77.0 2.344720173926944
78.0 2.1983808590452525
79.0 0.988613159406389
80.0 2.0406547035699494
81.0 1.2926786297633839
82.0 1.304065470356995
83.0 1.7658570961892928
84.0 1.7073213702366161
85.0 1.2634107667870456
86.0 2.128458292498965
87.0 0.9300774334537122
88.0 1.7658570961892928
89.0 1.3918690592860103
90.0 0.7430834150020709
91.0 2.099190429522626
