1.0 3.92560717785803
2.0 4.162196411070985
3.0 5.61342398026464
4.0 5.341473083032387
5.0 3.82439282214197
6.0 3.832932952587178
7.0 3.3817053833935224
8.0 4.508540130445208
9.0 3.7939017944645075
10.0 4.153656280625777
11.0 4.390245513838731
12.0 3.3646251225031065
13.0 3.3951161501805682
14.0 4.793901794464508
15.0 7.069522185800132
16.0 5.228049102767747
17.0 4.228049102767747
18.0 4.591473083032386
19.0 3.381705383393523
20.0 4.332932952587178
21.0 4.508540130445208
22.0 3.5439017944645075
23.0 3.9646383359807005
24.0 3.9780491027677467
25.0 5.060982055354923
26.0 5.390245513838731
27.0 4.412196411070985
28.0 4.013410766787046
29.0 3.513410766787046
30.0 5.148785644283939
31.0 3.982919739109583
32.0 5.5475712885678785
33.0 4.842674225270852
34.0 6.491459869554792
35.0 7.170736541516193
36.0 5.719508972322538
37.0 4.447558075090284
38.0 4.521950897232253
39.0 3.2768215335740907
40.0 4.9036562806257775
41.0 6.087803588929016
42.0 8.228049102767745
43.0 8.167067047412822
44.0 11.346343719374223
45.0 14.179276671961402
46.0 13.408526916967613
47.0 13.43654959278017
48.0 16.603682707580965
49.0 14.491459869554792
50.0 11.623165252948315
51.0 8.869495758844945
52.0 10.390245513838732
53.0 8.569522185800132
54.0 5.373165252948315
55.0 5.75366949410337
56.0 4.623165252948315
57.0 4.307312561251553
58.0 5.665865905174356
59.0 5.723178466425908
60.0 4.026821533574092
61.0 4.4646383359807
62.0 4.697558075090284
63.0 4.403656280625777
64.0 4.565852691696762
65.0 4.912196411070985
66.0 4.854883849819432
67.0 3.9914598695547916
68.0 4.0
69.0 4.267080260890417
70.0 4.031692169915928
71.0 5.79270065222604
72.0 4.258540130445209
73.0 4.6573257747291485
74.0 4.092674225270852
75.0 5.780491027677462
76.0 4.96096884187733
77.0 6.885374877496894
78.0 5.670736541516193
79.0 4.837803588929015
80.0 5.728049102767747
81.0 6.517080260890417
82.0 6.048772430806345
83.0 5.236589233212955
84.0 4.101214355716061
85.0 4.8817053833935224
86.0 5.907325774729147
87.0 2.6853484505417047
88.0 4.118294616606477
89.0 4.517080260890417
90.0 3.4170670474128224
91.0 3.986589233212954
