1.0 1.970732137023662
2.0 1.380482218692399
3.0 3.5203273517849745
4.0 3.4504047852386868
5.0 2.6666666666666665
6.0 2.0
7.0 1.292678629763384
8.0 2.578863077737651
9.0 2.9121964110709846
10.0 2.1170714519053537
11.0 1.6373988036903284
12.0 1.39186905928601
13.0 1.450404785238687
14.0 2.520327351784975
15.0 3.1284582924989652
16.0 2.3398275151224497
17.0 1.8130059815483586
18.0 0.7544702555956819
19.0 2.1983808590452525
20.0 2.450404785238687
21.0 2.87643436630553
22.0 1.6666666666666667
23.0 1.7365892332129544
24.0 1.1756071778580304
25.0 1.8065117997592424
26.0 1.4097500816687376
27.0 1.8715417075010354
28.0 2.678053507260278
29.0 3.678053507260278
30.0 1.918690592860101
31.0 2.8829285480946467
32.0 4.835779662735582
33.0 5.047148885359065
34.0 7.531714192378586
35.0 10.232541380826085
36.0 8.82439282214197
37.0 6.824392822141969
38.0 6.2406370855998246
39.0 9.087803588929017
40.0 11.549595214761313
41.0 9.707321370236615
42.0 8.830887003931087
43.0 7.614625122503104
44.0 7.110577270116238
45.0 5.439017944645076
46.0 7.326839151544216
47.0 5.51543469298048
48.0 6.191886677256136
49.0 5.100791952507248
50.0 8.157726155475302
51.0 8.504047852386869
52.0 11.964237955234545
53.0 10.3804822186924
54.0 11.356107014520555
55.0 9.6195177813076
56.0 9.468285807621415
57.0 9.198380859045253
58.0 7.0829109301245206
59.0 6.2341429038107075
60.0 5.43252376285596
61.0 3.39186905928601
62.0 4.069922566546288
63.0 3.678053507260278
64.0 1.5382083741677022
65.0 1.2634107667870456
66.0 1.4211369222623487
67.0 2.1983808590452525
68.0 1.2634107667870456
69.0 1.9821189776172725
70.0 1.912196411070985
71.0 0.7837381185720202
72.0 0.842273844524697
73.0 1.952851114640934
74.0 1.2341429038107072
75.0 1.5788630777376513
76.0 1.3219464927397224
77.0 1.7658570961892928
78.0 1.4097500816687376
79.0 1.9821189776172723
80.0 1.4325237628559595
81.0 1.3333333333333333
82.0 2.1691129960689133
83.0 1.7365892332129544
84.0 1.1463393148816918
85.0 1.0
86.0 1.1869940184516414
87.0 1.1577261554753029
88.0 1.245529744404318
89.0 1.549595214761313
90.0 1.1170714519053535
91.0 1.7658570961892928
