1.0 8.548772430806345
2.0 7.521950897232253
3.0 7.745129363658163
4.0 7.692687438748447
5.0 8.297571288567879
6.0 7.859754486161268
7.0 8.864625122503107
8.0 10.731718596871117
9.0 8.601214355716062
10.0 8.5
11.0 10.552441924909717
12.0 11.337803588929013
13.0 11.964638335980702
14.0 12.14878564428394
15.0 10.364625122503107
16.0 12.740258727316325
17.0 11.863423980264638
18.0 10.89878564428394
19.0 11.091473083032387
20.0 11.626834747051685
21.0 13.017080260890417
22.0 11.878035889290153
23.0 14.158526916967613
24.0 15.67560717785803
25.0 13.962169984115796
26.0 15.934147308303238
27.0 18.368294616606477
28.0 20.508540130445212
29.0 20.614625122503107
30.0 20.825593964380438
31.0 21.6792766719614
32.0 23.459767699638864
33.0 26.271950897232255
34.0 29.020749754993787
35.0 25.83900473116748
36.0 30.49512936365816
37.0 32.06585269169676
38.0 32.508540130445205
39.0 27.886576019735358
40.0 31.3121831975934
41.0 38.35855334392281
42.0 38.180477814199875
43.0 38.745129363658165
44.0 35.291433442599605
45.0 43.004870636341835
46.0 53.19508972322539
47.0 72.5646515494583
48.0 77.07686117400688
49.0 65.5
50.0 50.77195089723225
51.0 44.85855334392281
52.0 37.59387536750932
53.0 34.1768083200965
54.0 34.802441924909715
55.0 36.47804910276775
56.0 36.06585269169676
57.0 32.567053833935226
58.0 34.582932952587186
59.0 34.8146515494583
60.0 26.5414334425996
61.0 29.96343719374223
62.0 30.0353616640193
63.0 30.991459869554795
64.0 29.24879885776153
65.0 28.752468351864906
66.0 22.114625122503107
67.0 20.223178466425907
68.0 19.85488384981943
69.0 18.44388858098691
70.0 17.98779037545142
71.0 18.564651549458297
72.0 15.692687438748447
73.0 15.89878564428394
74.0 14.206098205535492
75.0 15.508540130445208
76.0 13.880504241155057
77.0 10.978049102767747
78.0 11.013410766787047
79.0 13.108553343922804
80.0 11.189017944645077
81.0 10.907325774729147
82.0 9.17560717785803
83.0 9.096343719374223
84.0 8.521950897232255
85.0 6.991459869554792
86.0 7.851214355716061
87.0 10.174406035619565
88.0 5.404857422864242
89.0 7.7975712885678785
90.0 6.99633050589663
91.0 7.920736541516193
