1.0 5.299172811552501
2.0 5.637398803690329
3.0 3.626011963096717
4.0 2.8829285480946463
5.0 3.0585357259526766
6.0 2.8016191409547475
7.0 4.180499836662524
8.0 3.578863077737651
9.0 2.7430834150020704
10.0 4.601636758924873
11.0 2.6438929854794444
12.0 3.43252376285596
13.0 2.7544702555956815
14.0 3.0878035889290154
15.0 3.304065470356995
16.0 4.076416748335404
17.0 5.245529744404318
18.0 5.117071451905353
19.0 4.626011963096718
20.0 4.117071451905354
21.0 3.5674762371440405
22.0 3.4975536705977532
23.0 5.1463393148816925
24.0 6.128458292498965
25.0 4.012988363578233
26.0 4.362601196309672
27.0 3.0650299077417933
28.0 4.047148885359065
29.0 8.234142903810708
30.0 10.94795845583644
31.0 16.20487504083437
32.0 26.637398803690328
33.0 33.14633931488169
34.0 55.46828580762141
35.0 67.195177813076
36.0 66.22764872202158
37.0 58.49595214761312
38.0 46.73009505142383
39.0 25.15283349667081
40.0 18.24713126738894
41.0 16.08940511191364
42.0 24.84716650332919
43.0 27.391869059286012
44.0 23.211369222623485
45.0 18.702428711432123
46.0 15.092696247733508
47.0 11.017881022382726
48.0 7.621119304292222
49.0 9.360999673325049
50.0 9.538208374167702
51.0 7.065029907741793
52.0 7.117071451905353
53.0 8.900809570477373
54.0 10.666666666666666
55.0 12.13495247428808
56.0 16.292678629763383
57.0 15.853660685118308
58.0 16.180499836662523
59.0 13.900809570477373
60.0 10.900809570477373
61.0 6.73169657440846
62.0 3.7723512779784087
63.0 4.373988036903283
64.0 3.4504047852386868
65.0 2.134952474288081
66.0 2.380482218692399
67.0 3.2569165849979296
68.0 3.373988036903283
69.0 3.4325237628559595
70.0 2.813005981548359
71.0 2.263410766787046
72.0 2.3219464927397224
73.0 3.6195177813076005
74.0 1.5203273517849745
75.0 0.40975008166873755
76.0 2.473178466425909
77.0 3.0
78.0 1.6146251225031063
79.0 2.5788630777376516
80.0 2.2162618814279798
81.0 1.8829285480946467
82.0 2.304065470356995
83.0 2.7365892332129547
84.0 2.4032558998796207
85.0 2.234142903810707
86.0 1.6731608484557832
87.0 2.0406547035699494
88.0 3.0292678629763383
89.0 3.6016367589248737
90.0 2.362601196309672
91.0 2.1170714519053537
