1.0 1.0471488853590658
2.0 1.204875040834369
3.0 2.373988036903283
4.0 1.684547689049394
5.0 1.7544702555956817
6.0 1.0942977707181316
7.0 2.2048750408343687
8.0 3.6487856442839397
9.0 3.222756063217096
10.0 5.239035562615203
11.0 4.409750081668737
12.0 3.134952474288081
13.0 4.0991904295226265
14.0 3.186994018451641
15.0 2.7837381185720207
16.0 4.3382259921378274
17.0 2.725202392619343
18.0 2.479672648215025
19.0 1.380482218692399
20.0 1.6260119630967171
21.0 1.743083415002071
22.0 2.0878035889290154
23.0 1.2926786297633839
24.0 2.3626011963096714
25.0 2.321946492739722
26.0 2.362601196309672
27.0 2.713815552025732
28.0 3.835779662735581
29.0 3.5203273517849745
30.0 4.069922566546288
31.0 3.9414642740473234
32.0 4.965839478219167
33.0 7.139845133092575
34.0 7.720309733814848
35.0 8.398363241075126
36.0 10.134952474288081
37.0 9.152833496670809
38.0 11.848768026313815
39.0 15.216261881427977
40.0 12.382083741677022
41.0 10.982118977617274
42.0 9.491059488808636
43.0 6.678053507260278
44.0 3.9772263188127783
45.0 4.648785644283939
46.0 3.7609644373847986
47.0 5.637398803690329
48.0 7.256916584997929
49.0 8.092696247733508
50.0 6.105684611311744
51.0 7.367493855114167
52.0 5.234142903810707
53.0 5.549595214761314
54.0 6.450404785238686
55.0 5.9008095704773735
56.0 6.058535725952677
57.0 6.725202392619344
58.0 6.930077433453712
59.0 6.369095378098788
60.0 6.596744100120379
61.0 8.74308341500207
62.0 9.882928548094645
63.0 10.227648722021591
64.0 7.421136922262349
65.0 5.695934529643004
66.0 3.7951249591656313
67.0 3.473178466425909
68.0 2.590249918331262
69.0 2.853660685118308
70.0 2.7951249591656313
71.0 2.2747976073806564
72.0 1.8016191409547477
73.0 2.146339314881692
74.0 2.461791625832298
75.0 2.186994018451641
76.0 1.2341429038107072
77.0 2.304065470356995
78.0 1.684547689049394
79.0 2.011386840593611
80.0 1.450404785238687
81.0 2.099190429522626
82.0 1.4796726482150253
83.0 1.9707321370236617
84.0 3.0227736811872226
85.0 1.7252023926193434
86.0 2.1577261554753027
87.0 2.2162618814279793
88.0 2.0699225665462877
89.0 1.0292678629763383
90.0 1.6666666666666667
91.0 2.245529744404318
