1.0 6.1353748774968935
2.0 5.4646383359807
3.0 4.890245513838731
4.0 5.057312561251553
5.0 6.596343719374223
6.0 7.547571288567878
7.0 6.978049102767746
8.0 6.645116150180568
9.0 8.25
10.0 9.684147308303238
11.0 9.442687438748447
12.0 6.504870636341837
13.0 8.995129363658162
14.0 9.113423980264642
15.0 6.623165252948315
16.0 7.351214355716061
17.0 8.228049102767745
18.0 8.978049102767747
19.0 8.670736541516193
20.0 8.601214355716062
21.0 8.837803588929017
22.0 7.276821533574092
23.0 7.587803588929015
24.0 7.170736541516193
25.0 6.026821533574092
26.0 6.6317053833935224
27.0 8.85488384981943
28.0 9.82439282214197
29.0 8.364625122503107
30.0 8.714638335980702
31.0 7.640245513838731
32.0 8.451227569193655
33.0 9.32439282214197
34.0 9.337803588929015
35.0 8.815852691696762
36.0 9.096343719374225
37.0 9.101214355716062
38.0 10.35488384981943
39.0 9.557312561251553
40.0 9.263410766787045
41.0 10.167067047412823
42.0 12.14024551383873
43.0 12.225580750902841
44.0 21.763410766787047
45.0 23.350013213477595
46.0 22.001201142238468
47.0 25.995129363658165
48.0 28.22684796052928
49.0 25.81218319759339
50.0 23.13290652563199
51.0 17.8207233280386
52.0 12.403656280625777
53.0 10.543901794464507
54.0 8.035361664019298
55.0 7.570723328038598
56.0 9.209767699638864
57.0 10.267080260890417
58.0 8.540232300361136
59.0 9.6792766719614
60.0 8.667067047412822
61.0 7.513410766787045
62.0 8.951227569193655
63.0 8.628035889290151
64.0 9.192687438748447
65.0 7.817053833935226
66.0 9.57439282214197
67.0 7.352415497954528
68.0 8.153656280625777
69.0 10.547571288567879
70.0 9.834134094825645
71.0 8.67560717785803
72.0 7.39878564428394
73.0 8.0353616640193
74.0 8.065852691696762
75.0 6.101214355716062
76.0 6.087803588929015
77.0 5.0439017944645075
78.0 4.908526916967614
79.0 6.196356932851818
80.0 3.856084992057898
81.0 5.635374877496894
82.0 5.6182946166064776
83.0 3.7548706363418374
84.0 4.802441924909715
85.0 6.508540130445208
86.0 7.604883849819432
87.0 5.8292634584838074
88.0 5.767080260890417
89.0 6.271950897232253
90.0 7.126834747051685
91.0 5.285361664019299
